255 255 255 255 255 255 255 255 255 255 255 255 255 255 255 255
255 255 255 255 255 255 255 255 255 255 255 255 255 255 255 255
255 255 239 191  79 207 191 191 191 239  64  79 191 239 255 255
255 255 191   0  79  64  48 191   0  48 207  79   0 191 255 255
255 255  79  79 113 243  20 199 159  16 243 113  79  79 255 255
255 255 112 255 243 255 207 112  16  16 207  64  64  64 255 255
255 255 191 239  64 112 112 255  64  16 191 179 255 207 255 255
255 255  48  96 195 112  64 207  64  16 239  96  64  16 255 255
255 255 112 207 136 143 191 239 207 112 191 107 255  64 255 255
255 255 255 207  52 191 191 239  64 255 143 179  64 159 255 255
255 255 207 207 195  64 143 191   0  48 159  64 207 112 255 255
255 255  79  79 113 255   4  52  60 239  64 135  20 211 255 255
255 255 191   0  79 207  16  64  64 255   0  48  96 191 255 255
255 255 239 191  79 207 159 207 159 207 191 227  96  48 255 255
255 255 255 255 255 255 255 255 255 255 255 255 255 255 255 255
255 255 255 255 255 255 255 255 255 255 255 255 255 255 255 255
255 255 255 255 255 255 255 255 255 255 255 255 255 255 255 255
255 255 255 255 255 255 255 255 255 255 255 255 255 255 255 255
255 255 239 191  79 207 191 191 191 239  64  79 191 239 255 255
255 255 191   0  79  64  48 191   0  48 207  79   0 191 255 255
255 255  79  79 113 243  20 199 159  16 243 113  79  79 255 255
255 255 112 255 243 255 207 112  16  16 207  64  64  64 255 255
255 255 191 239  64 112 112 255  64  16 191 179 255 207 255 255
255 255  48  96 195 112  64 207  64  16 239  96  64  16 255 255
255 255 112 207 136 143 191 239 207 112 191 107 255  64 255 255
255 255 255 207  52 191 191 239  64 255 143 179  64 159 255 255
255 255 207 207 195  64 143 191   0  48 159  64 207 112 255 255
255 255  79  79 113 255   4  52  60 239  64 135  20 211 255 255
255 255 191   0  79 207  16  64  64 255   0  48  96 191 255 255
255 255 239 191  79 207 159 207 159 207 191 227  96  48 255 255
255 255 255 255 255 255 255 255 255 255 255 255 255 255 255 255
255 255 255 255 255 255 255 255 255 255 255 255 255 255 255 255
255 255 255 255 255 255 255 255 255 255 255 255 255 255 255 255
255 255 255 255 255 255 255 255 255 255 255 255 255 255 255 255
255 255 239 191  79 207 191 191 191 239  64  79 191 239 255 255
255 255 191   0  79  64  48 191   0  48 207  79   0 191 255 255
255 255  79  79 113 243  20 199 159  16 243 113  79  79 255 255
255 255 112 255 243 255 207 112  16  16 207  64  64  64 255 255
255 255 191 239  64 112 112 255  64  16 191 179 255 207 255 255
255 255  48  96 195 112  64 207  64  16 239  96  64  16 255 255
255 255 112 207 136 143 191 239 207 112 191 107 255  64 255 255
255 255 255 207  52 191 191 239  64 255 143 179  64 159 255 255
255 255 207 207 195  64 143 191   0  48 159  64 207 112 255 255
255 255  79  79 113 255   4  52  60 239  64 135  20 211 255 255
255 255 191   0  79 207  16  64  64 255   0  48  96 191 255 255
255 255 239 191  79 207 159 207 159 207 191 227  96  48 255 255
255 255 255 255 255 255 255 255 255 255 255 255 255 255 255 255
255 255 255 255 255 255 255 255 255 255 255 255 255 255 255 255

255 255 255 255 255 255 255 255 255 255 255 255 255 255 255 255
255 255 255 255 255 255 255 255 255 255 255 255 255 255 255 255
255 255 239 191  79  64 207  16  64 159 112 211 191  48 255 255
255 255 191   0  79  64 255  64 255  64 207  20  96  96 255 255
255 255  79  79 113  64 179  96 107 179  64 135  48 227 255 255
255 255  64 207 243 207 191 239 191 143 159  64   0 191 255 255
255 255 239  48  16  16  16  16 112 255  48 239 255 207 255 255
255 255 191   0 159  16  64  64 207  64   0  60  64 159 255 255
255 255 191 191 199 112 255 207 239 239 191  52  64 207 255 255
255 255 191  48  20 207 112  64 191 191 143   4  16 159 255 255
255 255 207  64 243 255 112 112 143 191  64 255 207 207 255 255
255 255  79  79 113 243  64 195 136  52 195 113  79  79 255 255
255 255 191   0  79 255 239  96 207 207 207  79   0 191 255 255
255 255 239 191  79 112 191  48 112 255 207  79 191 239 255 255
255 255 255 255 255 255 255 255 255 255 255 255 255 255 255 255
255 255 255 255 255 255 255 255 255 255 255 255 255 255 255 255
255 255 255 255 255 255 255 255 255 255 255 255 255 255 255 255
255 255 255 255 255 255 255 255 255 255 255 255 255 255 255 255
255 255 239 191  79  64 207  16  64 159 112 211 191  48 255 255
255 255 191   0  79  64 255  64 255  64 207  20  96  96 255 255
255 255  79  79 113  64 179  96 107 179  64 135  48 227 255 255
255 255  64 207 243 207 191 239 191 143 159  64   0 191 255 255
255 255 239  48  16  16  16  16 112 255  48 239 255 207 255 255
255 255 191   0 159  16  64  64 207  64   0  60  64 159 255 255
255 255 191 191 199 112 255 207 239 239 191  52  64 207 255 255
255 255 191  48  20 207 112  64 191 191 143   4  16 159 255 255
255 255 207  64 243 255 112 112 143 191  64 255 207 207 255 255
255 255  79  79 113 243  64 195 136  52 195 113  79  79 255 255
255 255 191   0  79 255 239  96 207 207 207  79   0 191 255 255
255 255 239 191  79 112 191  48 112 255 207  79 191 239 255 255
255 255 255 255 255 255 255 255 255 255 255 255 255 255 255 255
255 255 255 255 255 255 255 255 255 255 255 255 255 255 255 255
255 255 255 255 255 255 255 255 255 255 255 255 255 255 255 255
255 255 255 255 255 255 255 255 255 255 255 255 255 255 255 255
255 255 239 191  79  64 207  16  64 159 112 211 191  48 255 255
255 255 191   0  79  64 255  64 255  64 207  20  96  96 255 255
255 255  79  79 113  64 179  96 107 179  64 135  48 227 255 255
255 255  64 207 243 207 191 239 191 143 159  64   0 191 255 255
255 255 239  48  16  16  16  16 112 255  48 239 255 207 255 255
255 255 191   0 159  16  64  64 207  64   0  60  64 159 255 255
255 255 191 191 199 112 255 207 239 239 191  52  64 207 255 255
255 255 191  48  20 207 112  64 191 191 143   4  16 159 255 255
255 255 207  64 243 255 112 112 143 191  64 255 207 207 255 255
255 255  79  79 113 243  64 195 136  52 195 113  79  79 255 255
255 255 191   0  79 255 239  96 207 207 207  79   0 191 255 255
255 255 239 191  79 112 191  48 112 255 207  79 191 239 255 255
255 255 255 255 255 255 255 255 255 255 255 255 255 255 255 255
255 255 255 255 255 255 255 255 255 255 255 255 255 255 255 255

255 255 255 255 255 255 255 255 255 255 255 255 255 255 255 255
255 255 204 192 197 234 222 214 197 200 234 197 182 182 234 255
255 187  66  94 170 167 153 114 150 166 161 124 149 187 182 255
255 182 182  80  53  38 160 116 108  97 167 128  13 149 182 255
255 182 192  38 183  56 202 110  64  49 216 118 128 124 197 255
255 182 149 151  56 149 100  52 145 134  96 134 165 161 234 255
255 194 123  85 106 162 140  55 192 184 200 122 152 225 234 255
255 197 104 220 126 168  93 108 163 108 139 128 181 168 249 255
255 197  64 120  99 212  51  63 156  86 117 138 134 125 215 255
255 194 145 222 131 204  73  87 196 158 135 100 161 172 228 255
255 197  51  99 100 176  67 120 173 170 218 156 182 105 197 255
255 197 121 131 119 163  81 134 139  92 160 115 128 124 197 255
255 182 149  13 133 228  48  33 130  88  99 131  13 149 182 255
255 182 187 149 124  99 141 174 167 152 138 121 149 187 182 255
255 234 182 182 197 234 200 197 236 255 234 197 182 182 234 255
255 255 255 255 255 255 255 255 255 255 255 255 255 255 255 255
255 255 255 255 255 255 255 255 255 255 255 255 255 255 255 255
255 255 204 192 197 234 222 214 197 200 234 197 182 182 234 255
255 187  66  94 170 167 153 114 150 166 161 124 149 187 182 255
255 182 182  80  53  38 160 116 108  97 167 128  13 149 182 255
255 182 192  38 183  56 202 110  64  49 216 118 128 124 197 255
255 182 149 151  56 149 100  52 145 134  96 134 165 161 234 255
255 194 123  85 106 162 140  55 192 184 200 122 152 225 234 255
255 197 104 220 126 168  93 108 163 108 139 128 181 168 249 255
255 197  64 120  99 212  51  63 156  86 117 138 134 125 215 255
255 194 145 222 131 204  73  87 196 158 135 100 161 172 228 255
255 197  51  99 100 176  67 120 173 170 218 156 182 105 197 255
255 197 121 131 119 163  81 134 139  92 160 115 128 124 197 255
255 182 149  13 133 228  48  33 130  88  99 131  13 149 182 255
255 182 187 149 124  99 141 174 167 152 138 121 149 187 182 255
255 234 182 182 197 234 200 197 236 255 234 197 182 182 234 255
255 255 255 255 255 255 255 255 255 255 255 255 255 255 255 255
255 255 255 255 255 255 255 255 255 255 255 255 255 255 255 255
255 255 204 192 197 234 222 214 197 200 234 197 182 182 234 255
255 187  66  94 170 167 153 114 150 166 161 124 149 187 182 255
255 182 182  80  53  38 160 116 108  97 167 128  13 149 182 255
255 182 192  38 183  56 202 110  64  49 216 118 128 124 197 255
255 182 149 151  56 149 100  52 145 134  96 134 165 161 234 255
255 194 123  85 106 162 140  55 192 184 200 122 152 225 234 255
255 197 104 220 126 168  93 108 163 108 139 128 181 168 249 255
255 197  64 120  99 212  51  63 156  86 117 138 134 125 215 255
255 194 145 222 131 204  73  87 196 158 135 100 161 172 228 255
255 197  51  99 100 176  67 120 173 170 218 156 182 105 197 255
255 197 121 131 119 163  81 134 139  92 160 115 128 124 197 255
255 182 149  13 133 228  48  33 130  88  99 131  13 149 182 255
255 182 187 149 124  99 141 174 167 152 138 121 149 187 182 255
255 234 182 182 197 234 200 197 236 255 234 197 182 182 234 255
255 255 255 255 255 255 255 255 255 255 255 255 255 255 255 255

255 255 255 255 255 255 255 255 255 255 255 255 255 255 255 255
255 234 182 182 197 235 234 249 216 229 197 197 182 182 234 255
255 182 188 150 124 161 225 169 125 173 106 124 150 188 182 255
255 182 150  14 129 166 153 182 135 162 182 129  14 150 182 255
255 197 124 129 118 135 123 128 139 100 157 116 132 122 197 255
255 235 161 168 216  97 200 140 117 135 218 161  99 138 235 255
255 201 167  97  49 135 185 109  86 159 171  93  89 153 255 255
255 197 151 109  64 146 193 164 156 196 174 139 131 168 236 255
255 215 114 117 110  53  56 108  64  87 120 135  33 175 197 255
255 222 154 161 202 101 141  94  51  74  67  82  48 141 201 255
255 235 168  39  56 150 163 169 213 205 177 164 228  99 235 255
255 197 170  54 183  57 107 126 100 131 101 120 134 124 197 255
255 192  95  80  39 152  86 221 121 223  99 132  14 150 182 255
255 205  67 183 193 150 124 105  64 145  52 122 150 188 182 255
255 255 187 182 182 182 194 197 197 194 197 197 182 182 234 255
255 255 255 255 255 255 255 255 255 255 255 255 255 255 255 255
255 255 255 255 255 255 255 255 255 255 255 255 255 255 255 255
255 234 182 182 197 235 234 249 216 229 197 197 182 182 234 255
255 182 188 150 124 161 225 169 125 173 106 124 150 188 182 255
255 182 150  14 129 166 153 182 135 162 182 129  14 150 182 255
255 197 124 129 118 135 123 128 139 100 157 116 132 122 197 255
255 235 161 168 216  97 200 140 117 135 218 161  99 138 235 255
255 201 167  97  49 135 185 109  86 159 171  93  89 153 255 255
255 197 151 109  64 146 193 164 156 196 174 139 131 168 236 255
255 215 114 117 110  53  56 108  64  87 120 135  33 175 197 255
255 222 154 161 202 101 141  94  51  74  67  82  48 141 201 255
255 235 168  39  56 150 163 169 213 205 177 164 228  99 235 255
255 197 170  54 183  57 107 126 100 131 101 120 134 124 197 255
255 192  95  80  39 152  86 221 121 223  99 132  14 150 182 255
255 205  67 183 193 150 124 105  64 145  52 122 150 188 182 255
255 255 187 182 182 182 194 197 197 194 197 197 182 182 234 255
255 255 255 255 255 255 255 255 255 255 255 255 255 255 255 255
255 255 255 255 255 255 255 255 255 255 255 255 255 255 255 255
255 234 182 182 197 235 234 249 216 229 197 197 182 182 234 255
255 182 188 150 124 161 225 169 125 173 106 124 150 188 182 255
255 182 150  14 129 166 153 182 135 162 182 129  14 150 182 255
255 197 124 129 118 135 123 128 139 100 157 116 132 122 197 255
255 235 161 168 216  97 200 140 117 135 218 161  99 138 235 255
255 201 167  97  49 135 185 109  86 159 171  93  89 153 255 255
255 197 151 109  64 146 193 164 156 196 174 139 131 168 236 255
255 215 114 117 110  53  56 108  64  87 120 135  33 175 197 255
255 222 154 161 202 101 141  94  51  74  67  82  48 141 201 255
255 235 168  39  56 150 163 169 213 205 177 164 228  99 235 255
255 197 170  54 183  57 107 126 100 131 101 120 134 124 197 255
255 192  95  80  39 152  86 221 121 223  99 132  14 150 182 255
255 205  67 183 193 150 124 105  64 145  52 122 150 188 182 255
255 255 187 182 182 182 194 197 197 194 197 197 182 182 234 255
255 255 255 255 255 255 255 255 255 255 255 255 255 255 255 255
